0 0.44782034346103033 0.6129458388375165 0.1743725231175693 0.14795244385733164
0 0.321003963011889 0.6822985468956406 0.13210039630118897 0.10435931307793922
0 0.17305151915455746 0.7840158520475561 0.07661822985468957 0.06737120211360648
0 0.9194187582562747 0.23910171730515195 0.055482166446499406 0.052840158520475564
0 0.9821664464993396 0.2793923381770145 0.03566710700132106 0.06208718626155875
0 0.9715984147952443 0.2153236459709379 0.027741083223249773 0.029062087186261572
0 0.9927344782034346 0.19947159841479525 0.014531043593130732 0.034346103038309116
0 0.5792602377807134 0.5250990752972259 0.07265521796565387 0.06472919418758252
0 0.6380449141347424 0.4841479524438573 0.0792602377807134 0.07001321003963007
0 0.6413474240422721 0.3632760898282694 0.03302509907529731 0.04227212681638034
