0 0.03302509907529723 0.2714663143989432 0.06605019815059446 0.06737120211360637
0 0.45046235138705415 0.285336856010568 0.14002642007926028 0.16116248348745046
0 0.3850726552179657 0.3731836195508587 0.14398943196829583 0.16512549537648613
0 0.22126816380449144 0.47027741083223235 0.083223249669749 0.0819022457067375
0 0.043593130779392336 0.5561426684280053 0.08718626155878467 0.16644649933949807
0 0.15785997357992076 0.5990752972258917 0.09114927344782035 0.08586525759577285
0 0.23183619550858656 0.3678996036988111 0.11228533685601057 0.11756935270805811
0 0.3830911492734479 0.07397622192866579 0.08718626155878467 0.10568031704095113
0 0.16644649933949804 0.16512549537648613 0.12945838837516513 0.06605019815059443
0 0.20079260237780716 0.25693527080581247 0.17437252311756934 0.16248348745046237
0 0.2595772787318362 0.5297225891677675 0.08058124174372519 0.06340819022457062
0 0.06472919418758256 0.6486129458388374 0.12945838837516513 0.06605019815059443
0 0.5 0.18361955085865259 0.1017173051519154 0.08190224570673711
0 0.558124174372523 0.11955085865257598 0.09643328929986794 0.08850726552179658
