0 0.08679821342229843 0.06629573553800583 0.17302696406841278 0.13259147107601166
0 0.07221512496471405 0.504826009273529 0.1442616730928421 0.14997883141040802
0 0.10907821357250214 0.1843082755804062 0.18154212832450867 0.10739371925592422
0 0.917203426361084 0.8319284319877625 0.16559314727783203 0.3350082337856293
0 0.8116327524185176 0.2836618055361895 0.3767344951629638 0.567323611072379
0 0.20514262714663142 0.9055482166446499 0.1381584379128137 0.18890356671070008
0 0.20805812417437253 0.4557463672391017 0.11492734478203437 0.1294583883751651
0 0.34147952443857327 0.4306472919418758 0.1730515191545575 0.19022457067371198
0 0.6096433289299868 0.5323645970937914 0.3368560105680317 0.3011889035667108
0 0.5466221515852048 0.8130779392338178 0.4908664960369882 0.3738441215323645
