0 0.08650519031141866 0.1652249134948097 0.1626297577854671 0.1920415224913495
0 0.11332179930795848 0.5588235294117647 0.21280276816608995 0.25259515570934254
0 0.9031141868512111 0.6773356401384083 0.19377162629757777 0.16435986159169552
0 0.8823529411764706 0.8832179930795848 0.23529411764705885 0.23356401384083042
0 0.29152249134948094 0.4221453287197232 0.18166089965397922 0.12110726643598618
0 0.4333910034602076 0.2647058823529412 0.21972318339100347 0.20415224913494812
0 0.6288927335640139 0.16435986159169552 0.17128027681660896 0.14878892733564011
0 0.7266435986159169 0.07266435986159168 0.14878892733564014 0.10034602076124566
0 0.11123350994809687 0.8918685121107266 0.20862618944636677 0.21626297577854672
0 0.3326867971453287 0.9377162629757785 0.219006812283737 0.12456747404844293
0 0.5904722642733564 0.9013840830449827 0.2639895112456748 0.1972318339100346
0 0.36418685121107264 0.6487889273356402 0.2266435986159169 0.24221453287197228
0 0.6228373702422146 0.6937716262975779 0.23875432525951554 0.2110726643598616
