0 0.6400949358940125 0.7010970115661621 0.17114058136940002 0.16008606553077698
0 0.21850335597991943 0.8632057309150696 0.4171023964881897 0.2735885977745056
0 0.8228356242179871 0.43990057706832886 0.12243957817554474 0.11143684387207031
0 0.051535338163375854 0.11650586128234863 0.10151108354330063 0.1501711905002594
0 0.8533040881156921 0.8820856213569641 0.2042533904314041 0.16738542914390564
0 0.9231046438217163 0.32740604877471924 0.10789451748132706 0.1014707088470459
0 0.9591935276985168 0.9301344156265259 0.0816129669547081 0.13903598487377167
0 0.4927127957344055 0.08358646929264069 0.1697217971086502 0.1210404634475708
0 0.9913038015365601 0.19665616750717163 0.017392348498106003 0.10631797462701797
0 0.5644628405570984 0.036350227892398834 0.2783401608467102 0.07270045578479767
