0 0.28665785997357995 0.16710700132100395 0.11889035667107 0.130779392338177
0 0.6499339498018495 0.23645970937912814 0.08718626155878476 0.08982826948480845
0 0.7179656538969615 0.23910171730515187 0.0726552179656538 0.08982826948480845
0 0.8903566710700133 0.22919418758256277 0.044914134742404174 0.05944517833553501
0 0.7741083223249671 0.22985468956406868 0.07397622192866578 0.07133421400264205
0 0.5660501981505944 0.2285336856010568 0.06737120211360632 0.06340819022457066
0 0.5066050198150595 0.22192866578599735 0.06737120211360632 0.05812417437252311
0 0.4200792602377807 0.19947159841479525 0.06869220607661823 0.052840158520475564
0 0.42866578599735805 0.26221928665785993 0.062087186261558784 0.05680317040951127
0 0.19947159841479525 0.1631439894319683 0.07133421400264198 0.05680317040951126
0 0.6641915042932629 0.9187582562747687 0.16589952113606338 0.16248348745046243
0 0.8652575957727874 0.9623513870541612 0.0660501981505945 0.04887714663143981
0 0.7797793510568032 0.9735799207397622 0.04678211690885064 0.05284015852047545
0 0.27713734313077937 0.9610303830911492 0.211907612285337 0.07793923381770053
0 0.06935270805812417 0.8824306472919419 0.13870541611624834 0.23513870541611623
