0 0.7714663143989432 0.5944517833553501 0.11096433289299881 0.13210039630118886
0 0.8989431968295905 0.6063408190224571 0.18890356671070008 0.16116248348745052
0 0.9755614266842801 0.6750330250990753 0.04887714663143996 0.08718626155878467
0 0.5184940554821664 0.3467635402906209 0.1836195508586526 0.19947159841479523
0 0.3011889035667107 0.39498018494055487 0.2060766182298547 0.1955085865257596
0 0.2430647291941876 0.21070013210039634 0.24306472919418756 0.2338177014531044
0 0.05680317040951123 0.1512549537648613 0.11360634081902246 0.1360634081902246
0 0.6697490092470278 0.4431968295904888 0.08190224570673714 0.10171730515191549
0 0.4554728781373844 0.023117569352708055 0.16061550528401583 0.04623513870541611
0 0.8731836195508587 0.07001321003963012 0.25363276089828274 0.14002642007926025
0 0.6912720855350066 0.03368560105680317 0.2015666281373845 0.06737120211360634
0 0.5704002229194188 0.02245706737120211 0.08399727542932624 0.04491413474240422
