0 0.30779392338177014 0.4900924702774108 0.2509907529722589 0.19286657859973574
0 0.2833553500660502 0.6281373844121532 0.1413474240422721 0.13342140026420082
0 0.26552179656538966 0.7516512549537648 0.21400264200792601 0.20607661822985462
0 0.6505944517833552 0.45046235138705415 0.1651254953764861 0.16908850726552174
0 0.9062087186261558 0.3322324966974901 0.18758256274768825 0.2628797886393659
0 0.2421307381109644 0.02575957727873184 0.09433825957727868 0.05151915455746367
0 0.5000000000000004 0.5647291941875827 0.14398943196829647 0.13077939233817704
0 0.7661822985468956 0.49075297225891673 0.08454425363276087 0.09379128137384407
0 0.9425363276089829 0.5112285336856011 0.11492734478203431 0.1136063408190224
0 0.7027741083223249 0.6043593130779393 0.13210039630118892 0.1519154557463672
0 0.5891677675033026 0.6043593130779391 0.13474240422721265 0.12549537648612946
0 0.4722589167767501 0.7331571994715983 0.27873183619550823 0.2826948480845441
0 0.8322324966974901 0.5422721268163805 0.10303830911492738 0.10700132100396303
0 0.8064729194187583 0.654557463672391 0.1915455746367239 0.25495376486129456
0 0.9266842800528401 0.6314398943196831 0.14663143989431973 0.12153236459709377
