0 0.6519154557463673 0.14927344782034346 0.2443857331571995 0.14795244385733156
0 0.7060766182298548 0.31043593130779396 0.3394980184940555 0.3540290620871863
0 0.48877146631439894 0.2774108322324967 0.10568031704095106 0.16116248348745044
0 0.9015852047556143 0.5792602377807134 0.19682959048877152 0.20739762219286667
0 0.7562747688243064 0.8527080581241745 0.08058124174372523 0.09114927344782033
0 0.8560105680317041 0.9029062087186261 0.08718626155878467 0.11228533685601065
0 0.142668428005284 0.8883751651254954 0.285336856010568 0.2232496697490093
0 0.25297225891677677 0.6961690885072656 0.107001321003963 0.09511228533685596
0 0.5743632348084544 0.013210039630118891 0.25836979854689557 0.026420079260237782
0 0.5099075297225891 0.5700132100396301 0.08718626155878467 0.08850726552179665
