0 0.6558784676354028 0.23513870541611623 0.16512549537648616 0.14266842800528398
0 0.07859973579920738 0.523778071334214 0.12549537648612946 0.13870541611624831
0 0.17239101717305153 0.5541611624834875 0.10171730515191545 0.15455746367239093
0 0.16842800528401586 0.8619550858652576 0.10171730515191549 0.09643328929986779
0 0.24768824306472922 0.8335535006605019 0.0700132100396301 0.06340819022457068
0 0.40026420079260233 0.4088507265521797 0.1268163804491413 0.16776750330250997
0 0.48282694848084545 0.3705416116248349 0.0911492734478204 0.16776750330250995
0 0.28599735799207404 0.40554821664464996 0.11756935270805816 0.13210039630118892
0 0.28929986789960366 0.5937912813738442 0.12153236459709377 0.1598414795244386
0 0.5376486129458388 0.583883751651255 0.14002642007926036 0.13474240422721273
0 0.8134649521136064 0.9180977542932629 0.1843935766182298 0.1638044914134741
0 0.025759577278731835 0.8573315719947161 0.05151915455746367 0.0686922060766183
0 0.4002642007926024 0.7120211360634081 0.08982826948480849 0.108322324966975
0 0.3890356671070013 0.5911492734478203 0.12813738441215328 0.16248348745046237
