0 0.13431516289710999 0.3377082347869873 0.26838845014572144 0.24684438109397888
0 0.13467606902122498 0.7828575372695923 0.2669887840747833 0.42952221632003784
0 0.32522696256637573 0.5993655323982239 0.21464958786964417 0.2266998291015625
0 0.6744821667671204 0.7055634260177612 0.27267664670944214 0.3125517964363098
0 0.8565229177474976 0.8498275876045227 0.06715736538171768 0.07048511505126953
0 0.8415558934211731 0.5746837854385376 0.07836399227380753 0.08118848502635956
0 0.4438457489013672 0.8059401512145996 0.2121899574995041 0.22306232154369354
0 0.6711630821228027 0.9409087896347046 0.4454239010810852 0.11818237602710724
0 0.2707612456747405 0.11505190311418685 0.08477508650519035 0.07439446366782007
0 0.5475778546712803 0.3295847750865052 0.057093425605536346 0.05363321799307954
