0 0.4749009247027741 0.5970937912813739 0.1915455746367239 0.14002642007926028
0 0.6116248348745047 0.5937912813738442 0.042272126816380505 0.05151915455746377
0 0.6505944517833554 0.5733157199471599 0.04359313077939227 0.04755614266842798
0 0.6875825627476883 0.5501981505944518 0.04095112285336853 0.04359313077939227
0 0.724570673712021 0.5270805812417437 0.046235138705416005 0.04755614266842805
0 0.7628797886393659 0.5112285336856011 0.03302509907529725 0.042272126816380436
0 0.7945838837516512 0.4920739762219287 0.03566710700132106 0.04623513870541615
0 0.8256274768824307 0.46697490092470273 0.03170409511228542 0.038309114927344796
0 0.8520475561426685 0.44517833553500663 0.023778071334214133 0.03170409511228534
0 0.3203434610303831 0.6565389696169087 0.11756935270805816 0.10039630118890351
0 0.042272126816380456 0.8896961690885072 0.08454425363276091 0.08850726552179651
0 0.19352708058124177 0.8157199471598414 0.04887714663143988 0.054161162483487575
0 0.2318361955085865 0.7879788639365919 0.03830911492734476 0.054161162483487575
0 0.2661822985468956 0.772787318361955 0.04095112285336853 0.044914134742404174
0 0.08652575957727873 0.7846763540290618 0.0858652575957728 0.08190224570673721
0 0.9570673712021136 0.8480845442536328 0.08586525759577285 0.1638044914134741
0 0.88110964332893 0.8626155878467636 0.08982826948480835 0.07133421400264198
0 0.8031704095112286 0.893659180977543 0.10039630118890344 0.07529722589167775
0 0.7348652163143989 0.9537648612945838 0.10909635072655206 0.0924702774108323
