0 0.952443857331572 0.45178335535006603 0.09511228533685596 0.12945838837516505
0 0.607001321003963 0.7186261558784676 0.09643328929986801 0.1056803170409512
0 0.3619550858652576 0.8811096433289299 0.10568031704095113 0.11096433289299867
0 0.17437252311756934 0.6221928665785996 0.24042272126816377 0.22192866578599726
0 0.14663143989431968 0.0785997357992074 0.07661822985468955 0.06737120211360635
0 0.582562747688243 0.26750330250990756 0.1347424042272125 0.14927344782034346
0 0.7054161162483488 0.2688243064729194 0.16644649933949815 0.15719947159841482
0 0.8077939233817701 0.16908850726552177 0.29986789960369875 0.3117569352708058
0 0.026420079260237782 0.3441215323645971 0.052840158520475564 0.2153236459709379
0 0.16353100231175696 0.9854689564068693 0.07342924372523119 0.029062087186261607
