0 0.2519607843137254 0.44019607843137254 0.35490196078431374 0.2725490196078429
0 0.20784313725490194 0.6529411764705881 0.30588235294117644 0.2823529411764706
0 0.1843137254901961 0.842156862745098 0.14901960784313728 0.1235294117647058
0 0.46470588235294114 0.7058823529411765 0.18431372549019606 0.15294117647058825
0 0.6411764705882353 0.5676470588235294 0.1686274509803921 0.1313725490196078
0 0.7931372549019607 0.46960784313725495 0.2529411764705883 0.22156862745098047
0 0.9058823529411764 0.3058823529411767 0.18823529411764647 0.24705882352941233
0 0.03333333333333333 0.3364705852433746 0.06666666666666667 0.14352940578086684
0 0.27312499401616114 0.061764705882352944 0.21061275706571692 0.12352941176470589
0 0.12058823529411765 0.17941176470588238 0.13137254901960785 0.16274509803921572
