0 0.820766270160675 0.6494919657707214 0.1434158831834793 0.15546894073486328
0 0.5607708096504211 0.14463526010513306 0.1076435074210167 0.11791522800922394
0 0.43418973684310913 0.1268863081932068 0.08149413764476776 0.0792330726981163
0 0.9717114567756653 0.6051601767539978 0.055739592760801315 0.10356798022985458
0 0.9353529214859009 0.9370794296264648 0.1276569366455078 0.1258411407470703
0 0.9080454111099243 0.40659064054489136 0.04793968051671982 0.049376655369997025
0 0.8199378252029419 0.4452195167541504 0.08978614956140518 0.08853711932897568
0 0.560449481010437 0.802049458026886 0.08499641716480255 0.09360599517822266
0 0.037197231833910036 0.7932525951557093 0.06747404844290658 0.06401384083044974
0 0.7292387543252594 0.3762975778546713 0.08131487889273359 0.07439446366782007
