0 0.6244436502456665 0.6292551755905151 0.276177316904068 0.1949203461408615
0 0.8631296157836914 0.5059696435928345 0.17061419785022736 0.1486133635044098
0 0.8734051585197449 0.060985904186964035 0.19892024993896484 0.12197180837392807
0 0.6137939691543579 0.3873761296272278 0.3221772313117981 0.306690514087677
0 0.8977567553520203 0.18482865393161774 0.16363182663917542 0.10460531711578369
0 0.9536199569702148 0.890532374382019 0.092015840113163 0.2102823257446289
0 0.25706951034746206 0.45840761675702374 0.5115576329366691 0.608882022187448
0 0.9735799207397622 0.45838837516512554 0.05284015852047545 0.12681638044914145
0 0.4396208305812418 0.1235138705416116 0.6214188408190223 0.2470277410832232
0 0.07926023778071334 0.07595772787318367 0.15852047556142668 0.15191545574636733
