0 0.2641928791999817 0.11610078811645508 0.1989109069108963 0.19860415160655975
0 0.3233186602592468 0.40776538848876953 0.15092162787914276 0.10482466220855713
0 0.08282218873500824 0.21063777804374695 0.16389766335487366 0.16026392579078674
0 0.913437008857727 0.5680992007255554 0.17312602698802948 0.24486084282398224
0 0.051429253071546555 0.596739649772644 0.10260964930057526 0.23523540794849396
0 0.7350346952322451 0.7267569261781448 0.35060444474220276 0.3108629286289215
0 0.035667107001321 0.025099075297225895 0.071334214002642 0.05019815059445179
0 0.07992073976221929 0.9379128137384406 0.15984147952443858 0.1241743725231167
0 0.062087186261558784 0.7833553500660503 0.12417437252311757 0.17965653896961684
0 0.7526987698150595 0.9445178335535007 0.3625020640686922 0.11096433289299867
0 0.2919418758256275 0.9075297225891678 0.18758256274768825 0.18229854689564065
0 0.4138612533025099 0.8150594451783355 0.32574100066050193 0.3698811096433289
