0 0.2647058823529412 0.21712802768166092 0.22837370242214533 0.20588235294117652
0 0.8006798767301038 0.9290657439446366 0.17921442474048446 0.14186851211072665
0 0.977508650519031 0.6583044982698962 0.04498269896193776 0.07439446366782007
0 0.7975778546712803 0.7370242214532873 0.07266435986159166 0.062283737024221464
0 0.9472318339100346 0.930795847750865 0.1055363321799308 0.13840830449826996
0 0.22404844290657436 0.5795847750865052 0.23010380622837368 0.1695501730103806
0 0.051038062283737015 0.6280276816608996 0.10207612456747403 0.13840830449826988
0 0.21417468641868515 0.9316608996539792 0.2484185769896194 0.13667820069204153
0 0.29411764705882354 0.7733564013840831 0.2110726643598616 0.17301038062283725
0 0.9558823529411765 0.7932525951557093 0.0882352941176471 0.14359861591695505
