0 0.1763540290620872 0.49405548216644646 0.09379128137384411 0.07926023778071332
0 0.0772787318361955 0.6472919418758255 0.130779392338177 0.14531043593130774
0 0.154557463672391 0.8143989431968296 0.08718626155878467 0.07793923381770142
0 0.9788639365918098 0.820343461030383 0.042272126816380505 0.10568031704095106
0 0.8005284015852048 0.35667107001321 0.07133421400264212 0.07926023778071332
0 0.8923381770145311 0.9233817701453104 0.03302509907529725 0.03698811096433275
0 0.9233817701453104 0.7952443857331573 0.04491413474240431 0.042272126816380366
0 0.9590488771466315 0.11756935270805811 0.05019815059445179 0.05284015852047558
0 0.9900924702774109 0.16182298546895638 0.01981505944517835 0.0568031704095112
0 0.9914134742404227 0.10039630118890357 0.01717305151915454 0.034346103038309116
0 0.9610303830911494 0.03698811096433289 0.07793923381770142 0.07397622192866578
