0 0.08724214881658554 0.8380563855171204 0.17145319283008575 0.19338908791542053
0 0.8415980339050293 0.8660153150558472 0.3136873245239258 0.2651420533657074
0 0.10009224712848663 0.9657964706420898 0.19840450584888458 0.06840705871582031
0 0.39101717305151923 0.3804491413474241 0.14531043593130774 0.13738441215323643
0 0.974900924702774 0.2708058124174373 0.05019815059445179 0.21136063408190228
0 0.9055482166446499 0.5733157199471599 0.18890356671070008 0.41479524438573323
0 0.45640686922060764 0.2542932628797886 0.15719947159841474 0.13077939233817698
0 0.6638044914134743 0.31638044914134744 0.2523117569352707 0.19947159841479525
0 0.14663143989431968 0.45046235138705415 0.29326287978863935 0.4121532364597094
0 0.2450462351387054 0.13936591809775428 0.16776750330250992 0.21532364597093792
0 0.5719947159841479 0.07463672391017173 0.1743725231175693 0.12285336856010569
0 0.7040951122853368 0.09973579920739763 0.13210039630118886 0.11756935270805811
0 0.8223249669749009 0.16380449141347422 0.12813738441215322 0.11360634081902246
0 0.8560105680317041 0.2912813738441215 0.10039630118890358 0.11228533685601057
