0 0.10053201764822006 0.8880363702774048 0.10796459019184113 0.11771812289953232
0 0.051158927381038666 0.06746344268321991 0.06080753728747368 0.046583760529756546
0 0.02013363316655159 0.5911868810653687 0.040178630501031876 0.09902133792638779
0 0.21018147468566895 0.4369753897190094 0.1482250988483429 0.1717519462108612
0 0.2989949748743719 0.6641541038525963 0.07537688442211053 0.07202680067001666
0 0.6281407035175879 0.48659966499162477 0.050251256281407135 0.04857621440536008
0 0.9773869346733668 0.22110552763819094 0.038525963149078704 0.04020100502512559
0 0.9229480737018426 0.28559463986599665 0.04355108877721932 0.04857621440536011
0 0.010050251256281405 0.9246231155778895 0.02010050251256281 0.050251256281406996
0 0.6046901172529313 0.6130653266331658 0.08375209380234501 0.10385259631490797
0 0.7336683417085428 0.5293132328308208 0.06700167504187604 0.08375209380234501
0 0.9865996649916248 0.4296482412060301 0.026800670016750416 0.07537688442211056
0 0.3542713567839196 0.16499162479061977 0.10887772194304855 0.08207705192629815
0 0.340033500837521 0.2529313232830821 0.10385259631490787 0.08710217755443886
0 0.45477386934673364 0.2135678391959799 0.0787269681742044 0.10217755443886098
