0 0.1765516996383667 0.8276180028915405 0.13450780510902405 0.12291965633630753
0 0.5496814846992493 0.1434711515903473 0.0910564437508583 0.07941031455993652
0 0.4883885383605957 0.08527810871601105 0.09373912960290909 0.09708504378795624
0 0.481800377368927 0.21407535672187805 0.09927234798669815 0.10141773521900177
0 0.894039511680603 0.25140029191970825 0.152034193277359 0.1210964173078537
0 0.046897683292627335 0.968044638633728 0.09379536658525467 0.06391076743602753
0 0.41846680641174316 0.15204985439777374 0.09199599921703339 0.09503784030675888
0 0.46760374307632446 0.8384051322937012 0.22896623611450195 0.19619178771972656
0 0.5476663708686829 0.6688269376754761 0.235530287027359 0.2728353440761566
0 0.857675850391387 0.915689459757185 0.18103638291358934 0.16862108048562782
0 0.6956740136240042 0.9676470588235295 0.10115194881663626 0.06470588235294118
