0 0.1571994715984148 0.2542932628797886 0.18758256274768825 0.1756935270805812
0 0.2932628797886394 0.22655217965653895 0.16644649933949807 0.16248348745046237
0 0.06406869220607662 0.4907529722589168 0.12813738441215325 0.1704095112285337
0 0.11360634081902246 0.6611624834874504 0.07661822985468958 0.06737120211360641
0 0.07926023778071334 0.7107001321003963 0.10039630118890358 0.06340819022457068
0 0.5257595772787319 0.8652575957727874 0.142668428005284 0.16644649933949793
0 0.6380449141347424 0.8170409511228534 0.13474240422721265 0.12549537648612955
0 0.951783355350066 0.8163804491413473 0.09643328929986794 0.18758256274768825
0 0.9306472919418758 0.9491413474240423 0.13870541611624831 0.1017173051519154
0 0.4339498018494055 0.3143989431968296 0.18361955085865256 0.166446499339498
0 0.6030383091149274 0.32760898282694845 0.1756935270805812 0.12417437252311753
0 0.7608982826948482 0.41347424042272124 0.18758256274768825 0.10568031704095113
