0 0.7635402906208719 0.42800528401585203 0.20079260237780716 0.15587846763540297
0 0.9709379128137384 0.21136063408190225 0.058124174372523214 0.16908850726552183
0 0.7186261558784676 0.16248348745046237 0.108322324966975 0.1083223249669749
0 0.5984147952443857 0.5006605019815059 0.1875825627476882 0.2324966974900925
0 0.518881068361955 0.915455746367239 0.17910956076618226 0.16908850726552188
0 0.39167767503302514 0.1763540290620872 0.09907529722589167 0.10700132100396301
0 0.5264200792602378 0.12747688243064728 0.130779392338177 0.10700132100396303
0 0.9207397622192866 0.8282694848084544 0.15852047556142665 0.16644649933949807
0 0.9616908850726551 0.6525759577278731 0.07661822985468959 0.20871862615587858
0 0.9755614266842801 0.48348745046235136 0.04887714663143996 0.12681638044914137
0 0.130779392338177 0.10898282694848085 0.12153236459709381 0.11756935270805814
0 0.19484808454425362 0.05019815059445178 0.09114927344782035 0.08454425363276089
0 0.07199471598414796 0.8150594451783355 0.05944517833553501 0.0792602377807134
