0 0.13532230257987976 0.6485176086425781 0.13610120117664337 0.12403754889965057
0 0.2955384850502014 0.31933897733688354 0.07687196880578995 0.06893882900476456
0 0.9119834899902344 0.8852089643478394 0.08645324409008026 0.0860164612531662
0 0.17287340760231018 0.20751714706420898 0.07607316970825195 0.0585058219730854
0 0.5763872265815735 0.5597593188285828 0.06120042875409126 0.05246124416589737
0 0.517233669757843 0.5170546770095825 0.06472130119800568 0.05394725874066353
0 0.02460809238255024 0.057961203157901764 0.04921618476510048 0.11489586532115936
0 0.5588632822036743 0.2615528702735901 0.058562468737363815 0.05097617954015732
0 0.9849804043769836 0.6887942552566528 0.030039120465517044 0.07641001045703888
0 0.4454443194600675 0.46794150731158607 0.06524184476940384 0.044994375703037125
0 0.6929133858267718 0.6602924634420697 0.0697412823397076 0.062992125984252
0 0.7249718785151856 0.6968503937007874 0.05061867266591676 0.05736782902137236
0 0.796400449943757 0.7587176602924635 0.058492688413948314 0.04386951631046117
0 0.8374578177727784 0.8037120359955006 0.0281214848143982 0.025871766029246145
0 0.9454443194600674 0.6242969628796401 0.052868391451068676 0.0562429696287964
0 0.39932508436445446 0.10967379077615298 0.049493813273340875 0.04386951631046118
