0 0.6655125082562747 0.9266842800528401 0.3614081076618229 0.14663143989431973
0 0.9603698811096433 0.8124174372523117 0.0792602377807134 0.08454425363276101
0 0.8837516512549537 0.6492734478203436 0.12153236459709377 0.13606340819022456
0 0.9702774108322325 0.4993394980184941 0.059445178335535045 0.07661822985468959
0 0.8949801849405549 0.41347424042272124 0.04623513870541615 0.05019815059445186
0 0.8500660501981505 0.33553500660501984 0.07001321003963014 0.08190224570673721
0 0.8645970937912812 0.15125495376486128 0.062087186261558854 0.056803170409511224
0 0.6578599735799208 0.12087186261558784 0.19022457067371207 0.178335535006605
0 0.7833553500660503 0.18031704095112286 0.04755614266842798 0.05416116248348745
0 0.4247027741083223 0.6994715984147952 0.49273447820343463 0.45838837516512543
0 0.2998678996036988 0.2569352708058124 0.274768824306473 0.3051519154557464
0 0.07661822985468957 0.11624834874504623 0.15323645970937913 0.23249669749009247
0 0.13276089828269486 0.4134742404227217 0.2655217965653897 0.3804491413474237
