0 0.07352941176470588 0.3762975778546713 0.07785467128027682 0.07093425605536324
0 0.1695501730103806 0.356401384083045 0.10726643598615919 0.14186851211072668
0 0.26211072664359863 0.3096885813148789 0.05017301038062286 0.05536332179930799
0 0.3070934256055363 0.28719723183391005 0.04325259515570931 0.04152249134948097
0 0.3589965397923875 0.2690311418685121 0.05363321799307961 0.05709342560553633
0 0.41435986159169547 0.2560553633217993 0.05363321799307961 0.062283737024221464
0 0.4809688581314879 0.2569204152249135 0.062283737024221464 0.06747404844290657
0 0.801038062283737 0.02249134948096886 0.03806228373702424 0.03460207612456748
0 0.6980968858131488 0.08564013840830449 0.03287197231833901 0.032871972318339084
0 0.6660899653979239 0.10813148788927336 0.04844290657439444 0.03633217993079583
0 0.7067474048442907 0.14013840830449825 0.025951557093425778 0.027681660899653977
0 0.7422145328719723 0.1366782006920415 0.031141868512110732 0.027681660899653994
0 0.647923875432526 0.16003460207612455 0.05017301038062286 0.05017301038062282
0 0.6089965397923875 0.19636678200692043 0.051903114186851125 0.03633217993079583
0 0.5181660899653979 0.2102076124567474 0.05017301038062286 0.03979238754325259
0 0.5640138408304499 0.20588235294117646 0.03806228373702424 0.04844290657439448
