0 0.9471598414795244 0.4735799207397622 0.1056803170409512 0.20211360634081899
0 0.043593130779392336 0.32628797886393657 0.08718626155878467 0.07926023778071337
0 0.3044914134742404 0.38243064729194187 0.0568031704095112 0.04095112285336853
0 0.3738441215323646 0.3738441215323645 0.05019815059445179 0.042272126816380436
0 0.43989431968295906 0.33817701453104365 0.03170409511228534 0.03434610303830908
0 0.49207397622192856 0.3870541611624834 0.04887714663143988 0.044914134742404244
0 0.07529722589167769 0.9359313077939234 0.15059445178335537 0.12813738441215322
0 0.6126723497357992 0.9603698811096433 0.11041735468956418 0.0792602377807134
0 0.7153236459709378 0.8328929986789965 0.10964332892998647 0.07265521796565397
0 0.7582562747688243 0.7476882430647293 0.10039630118890358 0.10039630118890358
0 0.7780713342140027 0.2318361955085865 0.261558784676354 0.26552179656538966
0 0.6087093378467635 0.07133421400264202 0.1923196003963011 0.14266842800528404
0 0.1010568031704095 0.34610303830911493 0.06737120211360634 0.05284015852047553
