0 0.47818461060523987 0.7537875175476074 0.12211666256189346 0.10616932064294815
0 0.3545106053352356 0.8780624270439148 0.12166853249073029 0.12133560329675674
0 0.9623928070068359 0.4075746536254883 0.07521438598632812 0.18400366604328156
0 0.1097713189797484 0.8989285687341417 0.2126085763130353 0.20214286253171113
0 0.23879912495613098 0.966347336769104 0.10618825256824493 0.06730537116527557
0 0.8744085431098938 0.423908531665802 0.11934242397546768 0.13437096774578094
0 0.7901352643966675 0.48668164014816284 0.11633644253015518 0.11755724251270294
0 0.07523288577795029 0.2671009600162506 0.06903283298015594 0.0630008727312088
0 0.6671070013210039 0.6301188903566711 0.3011889035667107 0.21136063408190217
0 0.8269484808454425 0.9365918097754293 0.08982826948480849 0.08190224570673706
