0 0.6241743725231176 0.15059445178335534 0.1941875825627477 0.1796565389696169
0 0.22457067371202113 0.20937912813738443 0.14795244385733158 0.16512549537648613
0 0.03963011889035667 0.4319682959048878 0.07926023778071334 0.2034346103038309
0 0.16710700132100395 0.6968295904887715 0.08322324966974902 0.09643328929986779
0 0.2575957727873184 0.6466314398943197 0.07926023778071337 0.09907529722589174
0 0.5215230762879789 0.0680317040951123 0.22930771136063405 0.1360634081902246
0 0.8850726552179657 0.21334214002642005 0.22985468956406876 0.4108322324966974
0 0.7196736707397621 0.03302509907529723 0.11151131109643331 0.06605019815059446
0 0.9702774108322325 0.6367239101717306 0.059445178335535045 0.08982826948480842
0 0.06671070013210038 0.9464993394980185 0.13342140026420077 0.10700132100396303
