0 0.1638004183769226 0.6192382574081421 0.23143713176250458 0.21153946220874786
0 0.39420461654663086 0.4911784529685974 0.13081979751586914 0.14598798751831055
0 0.6472505331039429 0.35348114371299744 0.15135565400123596 0.171794131398201
0 0.307638943195343 0.8516403436660767 0.09977979958057404 0.10076751559972763
0 0.34463512897491455 0.2763318121433258 0.1842464953660965 0.18364037573337555
0 0.9268503189086914 0.551112174987793 0.14616699516773224 0.204921156167984
0 0.0476984977722168 0.9000089764595032 0.09521462768316269 0.0936962142586708
0 0.727544903755188 0.6536573171615601 0.18609562516212463 0.20000457763671875
0 0.42260032892227173 0.8647981882095337 0.13020381331443787 0.1191864013671875
0 0.8181644678115845 0.8754705190658569 0.20525340735912323 0.20902100205421448
0 0.2026087790727618 0.12492981184977679 0.14308680593967452 0.1357883884617013
0 0.08505187928676605 0.14139215648174286 0.05823647975921631 0.055350493639707565
0 0.21400264200792601 0.8177014531043594 0.10568031704095113 0.08190224570673721
