0 0.7511619925498962 0.2657366394996643 0.15165814757347107 0.16509199142456055
0 0.7625575065612793 0.7617195844650269 0.14486637711524963 0.1246459037065506
0 0.09998295456171036 0.9263107180595398 0.19996590912342072 0.14703217148780823
0 0.025724854320287704 0.09245917946100235 0.051332347095012665 0.11556754261255264
0 0.44411030411720276 0.027254682034254074 0.13026762008666992 0.053059447556734085
0 0.6756947636604309 0.5345413684844971 0.05592651292681694 0.0796504020690918
0 0.5730434656143188 0.9816685914993286 0.09872360527515411 0.03666286543011665
0 0.8426883816719055 0.3484916090965271 0.06518173217773438 0.06136446073651314
0 0.6624790619765494 0.8241206030150753 0.08542713567839201 0.08710217755443878
0 0.6164154103852597 0.9045226130653268 0.08040201005025133 0.07705192629815755
