0 0.11889035667107001 0.4233817701453105 0.16908850726552183 0.1809775429326285
0 0.3910171730515192 0.5013210039630119 0.14795244385733156 0.10964332892998684
0 0.37648612945838833 0.8698811096433289 0.11624834874504625 0.1254953764861294
0 0.5667107001321005 0.9266842800528401 0.0951122853368561 0.07529722589167762
0 0.5043500247688243 0.9709379128137384 0.10513333883751656 0.058124174372523214
0 0.15389696169088507 0.9478203434610305 0.13870541611624834 0.06737120211360648
0 0.26023778071334214 0.2562747688243065 0.20079260237780713 0.22192866578599735
0 0.10766182298546895 0.24636723910171732 0.14927344782034344 0.11492734478203438
0 0.1796565389696169 0.08454425363276089 0.18229854689564065 0.16380449141347422
0 0.0548216644649934 0.08718626155878467 0.1096433289299868 0.17437252311756934
0 0.03038309114927345 0.3084544253632762 0.0607661822985469 0.2258916776750328
0 0.032364597093791275 0.5013210039630119 0.06472919418758255 0.13606340819022456
0 0.2437252311756936 0.4240422721268163 0.1756935270805813 0.14266842800528431
0 0.4531043593130779 0.6684280052840159 0.27212681638044905 0.2800528401585204
0 0.16617301023778072 0.9874504623513871 0.1564254458388375 0.025099075297225822
