0 0.7344782034346102 0.7807133421400263 0.21928665785997353 0.21136063408190225
0 0.7959048877146632 0.6684280052840158 0.08058124174372537 0.08190224570673728
0 0.8795151502642008 0.9709379128137384 0.11305936261558784 0.058124174372523214
0 0.4227212681638045 0.13936591809775428 0.044914134742404244 0.038309114927344776
0 0.3850726552179657 0.17767503302509907 0.05680317040951131 0.0568031704095112
0 0.31968295904887717 0.14861294583883752 0.042272126816380436 0.04095112285336857
0 0.3018494055482166 0.18494055482166444 0.046235138705416075 0.044914134742404244
0 0.2747688243064729 0.20805812417437253 0.058124174372523145 0.051519154557463656
0 0.18758256274768825 0.2166446499339498 0.0607661822985469 0.044914134742404244
0 0.15125495376486128 0.2239101717305152 0.040951122853368584 0.03302509907529725
0 0.12285336856010569 0.22919418758256277 0.05019815059445179 0.033025099075297215
0 0.05812417437252312 0.30779392338177014 0.05019815059445177 0.04227212681638047
0 0.12417437252311757 0.2675033025099075 0.06869220607661823 0.051519154557463656
0 0.9920739762219287 0.5634081902245707 0.01585204755614271 0.06737120211360632
