0 0.3495762711864407 0.71045197740113 0.2951977401129944 0.2570621468926554
0 0.2161016949152542 0.8870056497175142 0.26553672316384175 0.22316384180790963
0 0.9583333333333335 0.8064971751412429 0.08050847457627114 0.07062146892655363
0 0.8629943502824858 0.8057909604519774 0.07062146892655377 0.04661016949152554
0 0.6687853107344632 0.8340395480225987 0.10875706214689267 0.09463276836158187
0 0.5459039548022598 0.8615819209039549 0.08615819209039544 0.0649717514124292
0 0.3160917637711864 0.16878531073446326 0.3084944385593222 0.3375706214689265
0 0.7662429378531074 0.53954802259887 0.2951977401129944 0.3107344632768362
0 0.3665254237288136 0.47669491525423724 0.1087570621468927 0.10875706214689274
0 0.03319209039548023 0.9279661016949153 0.04943502824858758 0.04802259887005647
