0 0.21003963011889035 0.2523117569352708 0.13738441215323646 0.11889035667107002
0 0.019815059445178335 0.571994715984148 0.03963011889035667 0.0396301188903567
0 0.4587753880449141 0.033025099075297236 0.18835658850726553 0.06605019815059447
0 0.3969616908850726 0.16116248348745046 0.0805812417437253 0.10303830911492735
0 0.9788639365918098 0.261558784676354 0.03963011889035656 0.04755614266842802
0 0.7642007926023778 0.2813738441215323 0.08586525759577285 0.08718626155878464
0 0.43725231175693524 0.09709379128137385 0.19022457067371198 0.08850726552179657
0 0.6690885072655217 0.1413474240422721 0.05944517833553491 0.07661822985468957
0 0.7159841479524438 0.18428005284015853 0.07661822985468944 0.06737120211360635
0 0.6486129458388377 0.30581241743725235 0.05812417437252307 0.09643328929986787
0 0.9194187582562747 0.8976221928665785 0.09775429326287977 0.1017173051519154
0 0.9861294583883752 0.09379128137384413 0.02774108322324963 0.0977542932628798
