0 0.11955085865257596 0.7252311756935269 0.07793923381770144 0.052840158520475446
0 0.9848084544253632 0.3401585204755614 0.030383091149273442 0.062087186261558784
0 0.9438573315719947 0.35865257595772787 0.09379128137384413 0.07001321003963014
0 0.845442536327609 0.3850726552179657 0.11889035667107009 0.06737120211360625
0 0.7727873183619545 0.4174372523117571 0.052840158520475494 0.06076618229854687
0 0.7126816380449142 0.4398943196829591 0.10435931307793922 0.0528401585204756
0 0.6228533685601056 0.4775429326287978 0.10964332892998684 0.046235138705416075
0 0.5647291941875825 0.5026420079260238 0.10171730515191549 0.06737120211360632
0 0.5019815059445178 0.5257595772787318 0.0686922060766183 0.05019815059445179
0 0.4603698811096433 0.5528401585204756 0.07001321003963007 0.05680317040951124
0 0.40752972258916775 0.5772787318361955 0.06472919418758252 0.04755614266842805
0 0.3467635402906209 0.6030383091149274 0.05680317040951127 0.06737120211360625
0 0.28467635402906205 0.6492734478203434 0.08058124174372519 0.05151915455746362
0 0.2179656538969617 0.6862615587846764 0.09511228533685603 0.05151915455746362
0 0.16710700132100395 0.6994715984147953 0.038309114927344776 0.046235138705416005
