0 0.8858131487889273 0.06920415224913495 0.1695501730103807 0.13148788927335642
0 0.4987767625432526 0.05190311418685121 0.15815581747404836 0.10380622837370242
0 0.5250865051903113 0.3607266435986159 0.060553633217993126 0.06401384083044988
0 0.6176470588235294 0.4333910034602076 0.03460207612456749 0.03633217993079583
0 0.6505190311418686 0.5060553633217993 0.03460207612456749 0.032871972318339146
0 0.6816608996539792 0.5666089965397925 0.02422145328719708 0.032871972318339146
0 0.7603806228373702 0.7439446366782008 0.04671280276816617 0.051903114186851125
0 0.8036332179930795 0.8174740484429066 0.032871972318339146 0.03633217993079583
0 0.708477508650519 0.6418685121107266 0.025951557093425635 0.03114186851211059
0 0.6470588235294119 0.9610726643598616 0.05882352941176478 0.04671280276816603
0 0.661764705882353 0.9039792387543253 0.03979238754325266 0.03979238754325266
0 0.06228373702422145 0.5380622837370242 0.048442906574394456 0.04498269896193776
0 0.7396193771626298 0.9316608996539791 0.029411764705882318 0.029411764705882318
0 0.7076124567474048 0.939446366782007 0.024221453287197364 0.03114186851211059
0 0.698961937716263 0.8849480968858131 0.03114186851211059 0.032871972318339146
