0 0.13137254901960782 0.897058823529411 0.26274509803921564 0.20588235294117566
0 0.47450980392156855 0.7882352941176469 0.34509803921568616 0.26666666666666666
0 0.15490196078431373 0.3609803891649433 0.30980392156862746 0.34470588833678006
0 0.362340680290671 0.18627450980392157 0.32629903157552087 0.37254901960784315
0 0.11176470588235295 0.08725490196078431 0.2235294117647059 0.17450980392156862
0 0.6584191116632201 0.05588235294117647 0.22272057626761638 0.11176470588235295
0 0.8598039215686274 0.296078431372549 0.28039215686274516 0.2823529411764706
0 0.7450980392156862 0.5156862745098039 0.3372549019607844 0.2980392156862745
0 0.6107843137254902 0.6725490196078431 0.23333333333333323 0.23921568627450981
0 0.9284313725490192 0.8656862745098038 0.14313725490196022 0.26862745098039187
0 0.919607843137255 0.5529411764705883 0.16078431372549018 0.2784313725490197
