0 0.5647291941875826 0.7523117569352707 0.1704095112285337 0.17040951122853357
0 0.056142668428005284 0.5733157199471599 0.11228533685601057 0.132100396301189
0 0.043593130779392336 0.7377807133421399 0.08718626155878467 0.15719947159841482
0 0.45640686922060764 0.8480845442536327 0.11228533685601057 0.11889035667106995
0 0.36922060766182296 0.7992073976221928 0.1228533685601057 0.12681638044914137
0 0.2661822985468957 0.7397622192866578 0.10171730515191545 0.07661822985468959
0 0.20844513705416115 0.9253632760898283 0.12207934280052841 0.14927344782034338
0 0.0842707645310436 0.9722589167767504 0.0983012714663144 0.055482166446499406
0 0.05085865257595773 0.8586525759577279 0.10171730515191546 0.11360634081902247
0 0.016512549537648614 0.9319682959048876 0.03302509907529723 0.05151915455746362
0 0.3071334214002642 0.9438573315719947 0.04623513870541615 0.07529722589167775
0 0.34940554821664466 0.9478203434610305 0.06472919418758252 0.08586525759577271
0 0.3963011889035667 0.9240422721268163 0.04755614266842798 0.05680317040951124
0 0.28929986789960366 0.8494055482166446 0.05548216644649937 0.08718626155878467
0 0.35402906208718604 0.883751651254953 0.06076618229854719 0.0501981505944517
