0 0.8560105680317041 0.2826948480845442 0.28797886393659183 0.4385733157199471
0 0.8143989431968296 0.04689564068692206 0.3712021136063408 0.09379128137384413
0 0.2040951122853369 0.23513870541611623 0.23910171730515192 0.22192866578599735
0 0.463672391017173 0.4128137384412153 0.33025099075297226 0.27080581241743723
0 0.028401585204755612 0.5918097754293263 0.056803170409511224 0.30383091149273456
0 0.5640686922060766 0.6671070013210039 0.0845442536327608 0.09247027741083222
0 0.6334214002642008 0.6816380449141347 0.09643328929986787 0.09511228533685596
0 0.6935270805812417 0.6261558784676354 0.044914134742404174 0.05019815059445172
0 0.7417437252311757 0.5977542932628798 0.07001321003963014 0.062087186261558854
0 0.8058124174372523 0.5878467635402906 0.050198150594451645 0.05284015852047567
0 0.8824306472919419 0.5554821664464993 0.10832232496697486 0.09114927344782046
0 0.9491413474240423 0.5178335535006604 0.06472919418758266 0.07926023778071332
0 0.9828269484808455 0.5290620871862616 0.03434610303830908 0.0937912813738442
0 0.3309114927344783 0.8262879788639367 0.21532364597093795 0.11492734478203445
0 0.3619550858652576 0.7536327608982828 0.17173051519154559 0.08586525759577271
0 0.4920739762219283 0.7589167767503302 0.10700132100396295 0.10435931307793962
0 0.1809775429326288 0.8005284015852048 0.09775429326287977 0.09511228533685596
0 0.1010568031704095 0.8494055482166445 0.07793923381770146 0.06340819022457068
0 0.13870541611624834 0.8778071334214002 0.09775429326287981 0.06208718626155872
0 0.24080973414795245 0.0548216644649934 0.35853905217965654 0.1096433289299868
