0 0.08906248956918716 0.19243298470973969 0.17350366711616516 0.16322973370552063
0 0.16233646869659424 0.37171119451522827 0.19652990996837616 0.20151634514331818
0 0.5920565351154875 0.6630106568336493 0.19357989742229884 0.2836197912693025
0 0.10276274383068085 0.8964597582817078 0.2055254876613617 0.19710774719715118
0 0.7683219313621521 0.6096235513687134 0.07468004524707794 0.06635389477014542
0 0.022680319845676422 0.07302655279636383 0.045360639691352844 0.14605310559272766
0 0.11683256924152374 0.6971555948257446 0.09728054702281952 0.10147686302661896
0 0.7092564702033997 0.484663188457489 0.10475559532642365 0.06907615810632706
0 0.9519508481025696 0.2522585988044739 0.09567184746265411 0.12879720330238342
0 0.24262478947639465 0.5922141671180725 0.186998650431633 0.14308862388134003
0 0.8855819702148438 0.9411873817443848 0.05919303745031357 0.0538877472281456
0 0.9665136337280273 0.9099560976028442 0.06668281555175781 0.15084591507911682
0 0.7618476152420044 0.30501288175582886 0.24364414811134338 0.15580244362354279
0 0.4550858652575958 0.6862615587846764 0.11228533685601057 0.10171730515191549
0 0.5931307793923382 0.37912813738441214 0.14002642007926036 0.11624834874504622
0 0.4841479524438573 0.4121532364597094 0.11492734478203431 0.09247027741083222
0 0.35667107001321 0.46499339498018494 0.142668428005284 0.0924702774108323
