0 0.37883391976356506 0.048186223953962326 0.12575788795948029 0.09637244790792465
0 0.877068817615509 0.7122548222541809 0.11949672549962997 0.115648552775383
0 0.6457259654998779 0.4857918620109558 0.20250263810157776 0.16734275221824646
0 0.2558397352695465 0.039071448147296906 0.13874158263206482 0.07747609913349152
0 0.3623548448085785 0.8086284399032593 0.17538166046142578 0.11011924594640732
0 0.9848084544253632 0.5746367239101717 0.030383091149273442 0.06076618229854681
0 0.11399335369881111 0.9299867899603699 0.12494839828269487 0.14002642007926028
0 0.2837423629458388 0.9372523117569352 0.09984932298546902 0.1254953764861294
0 0.40989824141347425 0.9511228533685602 0.19473456076618226 0.09775429326287977
0 0.8762126403566711 0.9577278731836196 0.21213465984147958 0.08454425363276087
0 0.6318269071994717 0.8883751651254954 0.2861108817701453 0.2232496697490093
0 0.7311756935270805 0.7602377807133422 0.14398943196829592 0.12813738441215305
