0 0.4299580156803131 0.9011379480361938 0.15430784225463867 0.13324546813964844
0 0.547197699546814 0.8428937196731567 0.12147350609302521 0.09921093285083771
0 0.9624180793762207 0.11577901989221573 0.0751638412475586 0.10085558891296387
0 0.7823730707168579 0.6341302990913391 0.07373237609863281 0.07341651618480682
0 0.8551236987113953 0.9753099679946899 0.1290428191423416 0.049380112439394
0 0.40426111221313477 0.11415376514196396 0.118150994181633 0.11734948307275772
0 0.9108942151069641 0.5294102430343628 0.06479835510253906 0.06662025302648544
0 0.29832011461257935 0.9800491333007812 0.05890941619873047 0.0399017333984375
0 0.6237900853157043 0.7313844561576843 0.10538367927074432 0.10930080711841583
0 0.3285020887851715 0.037246011197566986 0.1024302989244461 0.0742563009262085
0 0.17675578594207764 0.1157865971326828 0.08233656734228134 0.08144673705101013
0 0.9822414517402649 0.46354055404663086 0.035517118871212006 0.05170402675867081
0 0.9603449702262878 0.3809947371482849 0.07931003719568253 0.10536737740039825
0 0.18335922771540786 0.9852765798568719 0.06343505603378014 0.029281426221132265
0 0.3139416575431824 0.807757556438446 0.0767943412065506 0.07647518813610077
0 0.09640666082383874 0.1695880806310254 0.0946538124452235 0.09903593339176162
0 0.0885188431200701 0.2532865907099036 0.07887817703768622 0.07361963190184045
0 0.8632778264680107 0.555652936021034 0.07361963190184057 0.07887817703768618
0 0.9425942156003506 0.4964943032427695 0.05521472392638046 0.05521472392638039
