0 0.6552179656538969 0.5852047556142669 0.40686922060766184 0.4834874504623514
0 0.09445178335535007 0.13408190224570674 0.07793923381770146 0.06472919418758254
0 0.17305151915455746 0.43923381770145314 0.10039630118890357 0.09379128137384413
0 0.1525759577278732 0.7318361955085865 0.06737120211360635 0.0686922060766183
0 0.2661822985468956 0.17305151915455746 0.09907529722589167 0.11624834874504625
0 0.34015852047556144 0.24240422721268165 0.06472919418758255 0.06737120211360632
0 0.6155878467635404 0.2463672391017173 0.0924702774108323 0.09643328929986787
0 0.7093791281373845 0.09379128137384413 0.09511228533685596 0.07926023778071334
0 0.8659180977542934 0.06274768824306473 0.09114927344782033 0.09114927344782034
0 0.5459616496036988 0.04623513870541611 0.11811633091149268 0.09247027741083222
0 0.3266749917437252 0.029722589167767505 0.09698026750330253 0.05944517833553501
0 0.021796565389696168 0.3474240422721268 0.043593130779392336 0.1056803170409512
