0 0.11222124099731445 0.12826278805732727 0.22229328751564026 0.2463795244693756
0 0.0819447860121727 0.4313209056854248 0.1638895720243454 0.36101752519607544
0 0.05191218852996826 0.8464540243148804 0.10382437705993652 0.2512132525444031
0 0.9446656107902527 0.553196132183075 0.1103246659040451 0.2539510726928711
0 0.27630674839019775 0.960455596446991 0.3661281168460846 0.07908878475427628
0 0.8189916759729384 0.26100723445415486 0.3620166480541234 0.5220144689083097
0 0.4932998324958124 0.6675041876046902 0.09547738693467338 0.09882747068676714
0 0.5644891122278056 0.7587939698492463 0.09045226130653276 0.07035175879396974
0 0.6524288107202679 0.8132328308207704 0.09547738693467338 0.0720268006700168
0 0.7177554438860971 0.7504187604690117 0.10217755443886105 0.07705192629815727
0 0.8023450586264658 0.6666666666666667 0.09715242881072016 0.07370184254606364
0 0.626465661641541 0.7110552763819095 0.11055276381909557 0.10217755443886105
0 0.7035175879396985 0.603852596314908 0.1105527638190955 0.09547738693467338
0 0.609715242881072 0.5343383584589616 0.12730318257956447 0.10050251256281406
0 0.5552763819095478 0.5963149078726969 0.11892797319933028 0.08710217755443896
