0 0.775966465473175 0.656192421913147 0.21696338057518005 0.21244926750659943
0 0.40551096200942993 0.2779769003391266 0.22915200889110565 0.17436209321022034
0 0.15010686218738556 0.8397716283798218 0.1155974417924881 0.11906199157238007
0 0.7774294018745422 0.4242746829986572 0.1483638733625412 0.1516161859035492
0 0.36079663038253784 0.137974813580513 0.11308717727661133 0.10192032158374786
0 0.8952129483222961 0.035629261285066605 0.0700153335928917 0.07125852257013321
0 0.9022476077079773 0.3250187039375305 0.19550475478172302 0.2559077739715576
0 0.2604050040245056 0.9025545120239258 0.04952812194824219 0.04369373247027397
0 0.970953643321991 0.179921954870224 0.058092691004276276 0.13178519904613495
0 0.7144053601340034 0.24790619765494135 0.08542713567839201 0.08040201005025129
