0 0.07595772787318361 0.6644649933949802 0.12285336856010569 0.12153236459709377
0 0.29920739762219284 0.14464993394980183 0.05944517833553501 0.06737120211360632
0 0.35336856010568035 0.14795244385733158 0.05151915455746362 0.07926023778071337
0 0.3989431968295905 0.12351387054161161 0.03963011889035663 0.05416116248348745
0 0.35535006605019814 0.083223249669749 0.058124174372523145 0.0607661822985469
0 0.22258916776750332 0.12549537648612943 0.11492734478203434 0.1294583883751651
0 0.10435931307793922 0.18890356671070013 0.12417437252311755 0.10039630118890358
0 0.052840158520475564 0.05416116248348745 0.10568031704095113 0.1083223249669749
0 0.017833553500660505 0.1294583883751651 0.03566710700132101 0.05019815059445177
0 0.45613338011889043 0.05680317040951123 0.11283231505944505 0.11360634081902246
0 0.3603605928005284 0.027080581241743725 0.09456530713342133 0.05416116248348745
0 0.30184940554821665 0.06869220607661823 0.06737120211360632 0.07926023778071334
0 0.567097713011889 0.023117569352708055 0.11547432298546888 0.04623513870541611
0 0.9702774108322325 0.7846763540290621 0.059445178335535045 0.06340819022457055
