0 0.09180977542932629 0.7318361955085865 0.12549537648612946 0.11889035667107009
0 0.0977542932628798 0.9379128137384413 0.07397622192866578 0.0686922060766183
0 0.5462351387054162 0.8434610303830911 0.13606340819022464 0.10435931307793922
0 0.7140026420079261 0.8949801849405549 0.08322324966974903 0.09643328929986794
0 0.8626155878467635 0.8645970937912812 0.06869220607661816 0.08322324966974903
0 0.31571994715984153 0.7926023778071334 0.13474240422721273 0.11624834874504629
0 0.33751651254953763 0.6624834874504623 0.07529722589167771 0.08586525759577271
0 0.28968688077939236 0.9570673712021136 0.1328744220607662 0.08586525759577285
0 0.6205983735138705 0.976882430647292 0.0760712516512551 0.046235138705416005
0 0.5264200792602378 0.5323645970937912 0.47159841479524434 0.3857331571994716
