0 0.1992616057395935 0.84565269947052 0.22317221760749817 0.17887000739574432
0 0.049767348915338516 0.8457805514335632 0.09922648221254349 0.1604209840297699
0 0.7737044095993042 0.9150590896606445 0.1479388177394867 0.16644516587257385
0 0.46815943717956543 0.8487455248832703 0.2215285301208496 0.20753821730613708
0 0.39745836985100785 0.9246275197195442 0.23400525854513585 0.147239263803681
0 0.65863277826468 0.7817703768624014 0.06573181419807178 0.07361963190184057
0 0.18886941279579314 0.7077125328659071 0.07624890446976337 0.07449605609114798
0 0.6476774758983348 0.8930762489044697 0.12094653812445237 0.1034180543382999
0 0.9645048203330409 0.9189307624890446 0.07099035933391756 0.07099035933391704
0 0.8720420683610868 0.911042944785276 0.06660823838737955 0.07449605609114826
