0 0.4537648612945839 0.28863936591809775 0.14663143989431973 0.16512549537648613
0 0.23712021136063385 0.7556142668428005 0.14134742404227194 0.1453104359313076
0 0.4359313077939234 0.6611624834874504 0.11889035667106995 0.1017173051519154
0 0.626542891347424 0.9841479524438574 0.09060229524438562 0.03170409511228527
0 0.3513870541611625 0.7087186261558784 0.1268163804491413 0.10700132100396288
0 0.14200792602377807 0.8269484808454425 0.10435931307793922 0.08982826948480849
0 0.042932628797886355 0.8474240422721268 0.08586525759577271 0.16512549537648633
0 0.5158520475561427 0.39365918097754293 0.15984147952443856 0.1453104359313078
0 0.7840158520475562 0.4682959048877146 0.10435931307793936 0.13342140026420077
0 0.9775429326287979 0.36789960369881114 0.04491413474240431 0.04887714663143988
0 0.9247027741083224 0.38837516512549536 0.08454425363276087 0.060766182298546884
0 0.35667107001321 0.12417437252311757 0.06869220607661823 0.06605019815059446
