0 0.21466314398943198 0.4854689564068692 0.16248348745046237 0.13870541611624831
0 0.13143989431968298 0.10369881109643331 0.06472919418758259 0.06472919418758258
0 0.76221928665786 0.2965653896961691 0.21928665785997367 0.28665785997357995
0 0.5587846763540292 0.30449141347424047 0.1638044914134742 0.11492734478203434
0 0.5369881109643329 0.9260237780713342 0.10700132100396303 0.08454425363276087
0 0.1928665785997358 0.8461030383091149 0.09511228533685602 0.0832232496697489
0 0.04953764861294584 0.7721268163804491 0.09907529722589167 0.09379128137384413
0 0.15323645970937913 0.6017173051519155 0.08718626155878467 0.06737120211360641
0 0.43064729194187584 0.1988110964332893 0.16908850726552188 0.16248348745046237
0 0.5680317040951123 0.061426684280052844 0.10039630118890351 0.0964332892998679
0 0.39206468791281374 0.9709379128137384 0.08663928335535004 0.058124174372523214
0 0.7176921647952443 0.9491413474240423 0.11702237450462363 0.1017173051519154
0 0.13143989431968298 0.9114927344782034 0.10435931307793923 0.10303830911492738
