0 0.12214460185929839 0.9529411764705883 0.18154410567938112 0.09411764705882347
0 0.3029411764705882 0.5107843137254903 0.1784313725490197 0.17843137254901947
0 0.7843137254901963 0.3676470588235293 0.19215686274509824 0.17058823529411732
0 0.5950980392156863 0.6784313725490196 0.1352941176470587 0.16078431372549012
0 0.6421568627450978 0.21568627450980393 0.1666666666666668 0.21176470588235297
0 0.38881126852596515 0.06372549019607841 0.20115194881663614 0.12745098039215683
0 0.3637254901960786 0.42941176470588255 0.1431372549019609 0.16470588235294112
0 0.8970588235294116 0.12254901960784316 0.20588235294117582 0.24509803921568632
0 0.7113602881338079 0.06666666666666665 0.13022060020297213 0.1333333333333333
0 0.969607843137255 0.5862745098039216 0.060784313725490195 0.09411764705882347
