0 0.48018494055482164 0.3421400264200793 0.08586525759577271 0.07661822985468948
0 0.5284015852047557 0.2939233817701453 0.07661822985468959 0.07793923381770146
0 0.5779392338177014 0.16710700132100395 0.05416116248348743 0.05151915455746368
0 0.5825627476882431 0.22853368560105683 0.05284015852047553 0.058124174372523145
0 0.631439894319683 0.15587846763540292 0.07133421400264205 0.06340819022457068
0 0.720994674702774 0.03500660501981506 0.09456530713342133 0.07001321003963012
0 0.3328929986789961 0.4630118890356671 0.1215323645970938 0.10700132100396295
0 0.27410832232496696 0.5277410832232496 0.08850726552179655 0.06737120211360625
0 0.19088507265521798 0.4894319682959049 0.10435931307793926 0.11228533685601057
0 0.07859973579920738 0.48745046235138717 0.12285336856010566 0.08454425363276094
0 0.18560105680317043 0.7886393659180978 0.2840158520475562 0.2509907529722588
0 0.18361955085865264 0.25957727873183606 0.16116248348745063 0.12021136063408192
0 0.03368560105680317 0.35799207397622196 0.06737120211360634 0.06869220607661823
0 0.036988110964332896 0.2959048877146631 0.07397622192866579 0.06605019815059446
0 0.07727873183619552 0.19484808454425362 0.1492734478203435 0.1439894319682959
0 0.02774108322324967 0.11822985468956407 0.05548216644649934 0.13606340819022456
