0 0.39699873328208923 0.7946304678916931 0.13177204132080078 0.12356977164745331
0 0.31346744298934937 0.3966324031352997 0.18537411093711853 0.17699837684631348
0 0.8920745849609372 0.5695803124186899 0.2158508300781249 0.17079515090038153
0 0.7562816739082336 0.9360610842704773 0.2521858215332031 0.12747421860694885
0 0.8999389410018921 0.7835793495178223 0.2001221626996994 0.24346581101417542
0 0.9046720266342163 0.3622247278690338 0.19008560478687286 0.2451229989528656
0 0.08812081813812256 0.5383017659187317 0.17403022944927216 0.2864289879798889
0 0.13084986805915833 0.9173421859741211 0.26169973611831665 0.1648443192243576
0 0.972385048866272 0.12454420328140259 0.055199433118104935 0.19580352306365967
0 0.9655590057373047 0.9460241198539734 0.06839027255773544 0.07612953335046768
0 0.6292239427566528 0.21251526474952698 0.07253599166870117 0.08204212039709091
0 0.5237328410148621 0.08575420081615448 0.28790101408958435 0.17043957114219666
0 0.25778162479400635 0.7078749537467957 0.12482509762048721 0.145603746175766
0 0.33381542563438416 0.5472625494003296 0.10298605263233185 0.07170610129833221
0 0.04671280276816609 0.7569204152249135 0.09342560553633218 0.15051903114186843
